
##########################################################################################
# NO KEEPERS (level field)
##########################################################################################

--- CUMULATIVE SGP BY ROUND (Hart) ---
 Rd VOPN tot  VOPN H  VOPN P      IMM tot   IMM H   IMM P    tot diff(V-I)
  1    18.1    18.1     0.0        18.1    18.1     0.0             +0.0
  2    34.4    18.1    16.3        34.4    18.1    16.3             +0.0
  3    48.4    32.1    16.3        44.9    18.1    26.8             +3.6
  4    60.5    44.2    16.3        57.7    18.1    39.6             +2.8
  5    73.0    44.2    28.8        70.1    18.1    52.0             +2.8
  6    86.1    57.3    28.8        82.5    30.5    52.0             +3.6
  7    98.3    69.5    28.8        94.6    42.5    52.0             +3.7
  8   109.4    80.7    28.8       105.9    42.5    63.4             +3.5
  9   120.1    91.3    28.8       116.8    42.5    74.3             +3.2
 10   131.8   103.0    28.8       128.0    53.7    74.3             +3.8
 11   142.2   103.0    39.2       138.3    53.7    84.6             +3.9
 12   154.0   114.8    39.2       149.6    65.0    84.6             +4.4
 13   162.0   114.8    47.3       160.0    65.0    95.0             +2.1
 14   173.5   126.3    47.3       171.0    76.0    95.0             +2.5
 15   180.6   126.3    54.4       179.1    76.0   103.1             +1.6
 16   191.9   137.5    54.4       189.2    86.1   103.1             +2.7
 17   200.4   137.5    62.8       199.8    96.7   103.1             +0.6
 18   209.6   137.5    72.0       210.3   107.2   103.1             -0.8
 19   220.1   148.0    72.0       221.3   118.2   103.1             -1.2
 20   226.6   148.0    78.6       230.0   127.0   103.1             -3.4
 21   235.5   148.0    87.5       237.3   134.2   103.1             -1.8
 22   243.3   155.9    87.5       243.3   134.2   109.1             +0.0
 23   253.3   165.8    87.5       252.5   143.4   109.1             +0.8

Forecast/survival test (highest-value PASSED player still available next pick):
  VOPN draft survival rate: 41%   (high = passing big-value players is safe -> VOPN deferral justified)

--- FINAL CATEGORY TOTALS, VOPN draft (Hart = Hart of the Order) ---
team                             R      HR     RBI      SB     AVG       W       K     ERA    WHIP      SV  rotoP  rk
*Hart of the Order             957     292     966     150    0.26      82    1302    3.49    1.18      67   64.9   1
 Work in Progress              953     270     889     151    0.26      82    1226    3.74    1.21      52   56.5   2
 Springfield Isotopes          894     252     862     174    0.26      70    1218    3.53    1.14      90   56.2   3
 Hello Peanuts!                936     312     977     135    0.26      75    1178    3.89    1.23      62   55.9   4
 SkeleThor                     864     246     842     194    0.26      81    1306    3.57    1.19      69   55.2   5
 Spacemen                      889     231     853     168    0.26      75    1220    3.63    1.19      84   53.9   6
 Boston Estrellas              852     243     850     153    0.26      80    1337    3.61    1.15      58   53.6   7
 Tortured Baseball Departm     944     292     927     131    0.25      73    1249    3.62    1.20      40   53.1   8
 Send in the Cavalli           925     303     978     122    0.26      56     957    3.82    1.24     117   50.8   9
 Jon's Underdogs               897     245     871     175    0.25      89    1399    3.90    1.21       0   49.9  10

--- FINAL CATEGORY TOTALS, IMMEDIATE draft (Hart = Hart of the Order) ---
team                             R      HR     RBI      SB     AVG       W       K     ERA    WHIP      SV  rotoP  rk
*Hart of the Order             908     204     822     174    0.26      96    1481    3.29    1.13      65   63.5   1
 SkeleThor                     893     253     864     192    0.26      81    1299    3.63    1.17      69   58.3   2
 Work in Progress              961     288     932     141    0.26      86    1272    3.88    1.24      31   56.6   3
 Tortured Baseball Departm     941     280     926     162    0.25      75    1262    3.60    1.20      40   55.7   4
 Hello Peanuts!                935     317     971     118    0.26      86    1415    3.87    1.23       0   55.2   5
 Springfield Isotopes          906     255     880     183    0.26      54     973    3.55    1.15     119   53.9   6
 Boston Estrellas              852     237     849     147    0.26      79    1304    3.58    1.15      58   53.4   7
 Spacemen                      890     248     865     148    0.26      67    1116    3.62    1.18     111   52.2   8
 Send in the Cavalli           923     301     976     121    0.26      57     979    3.77    1.23     127   51.9   9
 Jon's Underdogs               901     288     923     130    0.25      82    1286    3.90    1.22      19   49.3  10

##########################################################################################
# WITH KEEPERS (Hart's real keepers)
##########################################################################################

--- CUMULATIVE SGP BY ROUND (Hart) ---
 Rd VOPN tot  VOPN H  VOPN P      IMM tot   IMM H   IMM P    tot diff(V-I)
  1    12.1    12.1     0.0        13.3    13.3     0.0             -1.2
  2    24.6    24.6     0.0        23.7    13.3    10.5             +0.9
  3    37.1    24.6    12.5        36.2    13.3    22.9             +0.9
  4    50.2    37.7    12.5        49.1    26.1    22.9             +1.1
  5    60.9    48.4    12.5        61.2    38.3    22.9             -0.4
  6    72.6    60.1    12.5        73.4    50.5    22.9             -0.8
  7    83.2    70.8    12.5        85.2    62.3    22.9             -1.9
  8    93.6    70.8    22.8        95.6    62.3    33.3             -2.0
  9   104.0    70.8    33.2       106.8    73.5    33.3             -2.9
 10   115.2    82.0    33.2       116.4    73.5    43.0             -1.3
 11   123.3    82.0    41.3       127.1    84.1    43.0             -3.8
 12   134.7    93.5    41.3       136.4    84.1    52.3             -1.7
 13   146.0   104.8    41.3       144.9    84.1    60.8             +1.1
 14   152.6   104.8    47.8       154.1    84.1    70.0             -1.6
 15   161.7   104.8    57.0       164.7    94.7    70.0             -3.0
 16   170.5   104.8    65.8       173.5    94.7    78.8             -3.0
 17   179.5   104.8    74.8       182.5    94.7    87.8             -3.0
 18   188.0   104.8    83.3       190.3   102.6    87.8             -2.3
 19   198.2   114.9    83.3       200.8   113.1    87.8             -2.7
 20   209.5   126.2    83.3       211.0   123.2    87.8             -1.5

Forecast/survival test (highest-value PASSED player still available next pick):
  VOPN draft survival rate: 42%   (high = passing big-value players is safe -> VOPN deferral justified)

--- FINAL CATEGORY TOTALS, VOPN draft (Hart = Hart of the Order) ---
team                             R      HR     RBI      SB     AVG       W       K     ERA    WHIP      SV  rotoP  rk
*Hart of the Order             955     317    1000     164    0.26      85    1285    3.71    1.20      49   62.9   1
 SkeleThor                     914     298     915     124    0.25      82    1318    3.64    1.17      57   57.6   2
 Spacemen                      896     276     909     151    0.26      89    1381    3.65    1.18      36   57.3   3
 Jon's Underdogs               918     279     926     140    0.26      71    1151    3.65    1.19      58   56.0   4
 Boston Estrellas              866     242     839     178    0.25      88    1434    3.53    1.16      47   55.0   5
 Hello Peanuts!                917     238     853     219    0.25      73    1267    3.72    1.20      80   54.1   6
 Work in Progress              842     232     821     145    0.26      83    1316    3.45    1.17      62   52.6   7
 Tortured Baseball Departm     972     300     976     112    0.26      65    1122    4.04    1.25      74   52.2   8
 Springfield Isotopes          916     252     871     208    0.26      53     926    3.59    1.21     119   51.4   9
 Send in the Cavalli           878     261     876     131    0.26      69    1153    3.73    1.16      74   51.0  10

--- FINAL CATEGORY TOTALS, IMMEDIATE draft (Hart = Hart of the Order) ---
team                             R      HR     RBI      SB     AVG       W       K     ERA    WHIP      SV  rotoP  rk
*Hart of the Order             947     299     948     174    0.26      92    1423    3.73    1.21      36   63.5   1
 SkeleThor                     944     278     910     164    0.26      79    1308    3.76    1.19      56   58.6   2
 Jon's Underdogs               919     286     944     120    0.26      76    1196    3.61    1.19      58   55.7   3
 Hello Peanuts!                900     247     860     180    0.26      76    1318    3.66    1.18      80   55.7   4
 Springfield Isotopes          927     279     920     165    0.26      59     977    3.51    1.17     110   55.5   5
 Spacemen                      880     287     917     103    0.25      82    1285    3.56    1.17      50   54.8   6
 Tortured Baseball Departm     977     304     981     124    0.26      65    1122    4.04    1.25      74   53.2   7
 Boston Estrellas              841     239     809     178    0.25      88    1434    3.53    1.16      47   53.0   8
 Work in Progress              854     208     808     195    0.26      83    1298    3.61    1.19      31   50.6   9
 Send in the Cavalli           863     260     883     133    0.26      64    1027    3.67    1.16     104   49.5  10